target_ip,target_geo_country,Time Run,Processed?
13.227.254.94,SG,2023-03-01 21:48:27.525364,Not Processed due to DUPLICATE in past 7 days
13.227.254.99,SG,2023-03-01 21:48:27.528340,Not Processed due to DUPLICATE in past 7 days
23.200.24.43,SG,2023-03-01 21:48:27.530349,Not Processed due to DUPLICATE in past 7 days
17.248.164.108,SG,2023-03-01 21:48:27.532345,Not Processed due to DUPLICATE in past 7 days
13.33.100.61,SG,2023-03-01 21:48:27.534365,Not Processed due to DUPLICATE in past 7 days
52.76.228.161,SG,2023-03-01 21:48:27.536338,Not Processed due to DUPLICATE in past 7 days
173.194.22.169,SG,2023-03-01 21:48:27.538334,Not Processed due to DUPLICATE in past 7 days
18.142.201.37,SG,2023-03-01 21:48:27.540328,Not Processed due to DUPLICATE in past 7 days
192.166.246.143,SG,2023-03-01 21:48:27.542322,Not Processed due to DUPLICATE in past 7 days
203.116.175.163,SG,2023-03-01 21:48:27.545277,Not Processed due to DUPLICATE in past 7 days
13.228.90.32,SG,2023-03-01 21:48:27.547273,Not Processed due to DUPLICATE in past 7 days
52.76.40.178,SG,2023-03-01 21:48:27.549267,Not Processed due to DUPLICATE in past 7 days
121.7.89.176,SG,2023-03-01 21:48:27.551262,Not Processed due to DUPLICATE in past 7 days
31.13.68.1,SG,2023-03-01 21:48:27.553257,Not Processed due to DUPLICATE in past 7 days
13.33.88.116,SG,2023-03-01 21:48:27.555252,Not Processed due to DUPLICATE in past 7 days
3.1.152.102,SG,2023-03-01 21:48:27.557246,Not Processed due to DUPLICATE in past 7 days
23.49.60.129,SG,2023-03-01 21:48:27.560237,Not Processed due to DUPLICATE in past 7 days
96.16.116.196,SG,2023-03-01 21:48:27.562233,Not Processed due to DUPLICATE in past 7 days
101.32.104.177,SG,2023-03-01 21:48:27.564227,Not Processed due to DUPLICATE in past 7 days
17.248.154.11,SG,2023-03-01 21:48:27.566222,Not Processed due to DUPLICATE in past 7 days
54.192.150.89,SG,2023-03-01 21:48:27.568217,Not Processed due to DUPLICATE in past 7 days
23.52.113.101,SG,2023-03-01 21:48:27.570211,Not Processed due to DUPLICATE in past 7 days
74.125.68.155,SG,2023-03-01 21:48:27.572206,Not Processed due to DUPLICATE in past 7 days
52.76.243.108,SG,2023-03-01 21:48:27.574201,Not Processed due to DUPLICATE in past 7 days
157.240.13.55,SG,2023-03-01 21:48:27.576196,Not Processed due to DUPLICATE in past 7 days
23.210.250.80,SG,2023-03-01 21:48:27.579186,Not Processed due to DUPLICATE in past 7 days
43.132.80.22,SG,2023-03-01 21:48:27.581182,Not Processed due to DUPLICATE in past 7 days
13.33.28.118,SG,2023-03-01 21:48:27.583177,Not Processed due to DUPLICATE in past 7 days
121.6.48.26,SG,2023-03-01 21:48:27.585171,Not Processed due to DUPLICATE in past 7 days
23.195.152.208,SG,2023-03-01 21:48:27.587166,Not Processed due to DUPLICATE in past 7 days
184.27.122.40,SG,2023-03-01 21:48:27.589161,Not Processed due to DUPLICATE in past 7 days
52.98.71.50,SG,2023-03-01 21:48:27.591192,Not Processed due to DUPLICATE in past 7 days
23.15.110.65,SG,2023-03-01 21:48:27.593186,Not Processed due to DUPLICATE in past 7 days
23.49.60.202,SG,2023-03-01 21:48:27.595181,Not Processed due to DUPLICATE in past 7 days
51.79.164.247,SG,2023-03-01 21:48:27.597178,Not Processed due to DUPLICATE in past 7 days
188.42.147.32,SG,2023-03-01 21:48:27.599170,Not Processed due to DUPLICATE in past 7 days
3.1.123.42,SG,2023-03-01 21:48:27.601174,Not Processed due to DUPLICATE in past 7 days
23.59.80.33,SG,2023-03-01 21:48:27.603159,Not Processed due to DUPLICATE in past 7 days
51.79.222.34,SG,2023-03-01 21:48:27.606114,Not Processed due to DUPLICATE in past 7 days
23.215.7.84,SG,2023-03-01 21:48:27.610103,Not Processed due to DUPLICATE in past 7 days
23.210.250.107,SG,2023-03-01 21:48:27.614092,Not Processed due to DUPLICATE in past 7 days
175.41.187.144,SG,2023-03-01 21:48:27.617085,Not Processed due to DUPLICATE in past 7 days
54.179.75.107,SG,2023-03-01 21:48:27.621074,Not Processed due to DUPLICATE in past 7 days
54.169.104.250,SG,2023-03-01 21:48:27.624066,Not Processed due to DUPLICATE in past 7 days
116.87.186.130,SG,2023-03-01 21:48:27.626063,Not Processed due to DUPLICATE in past 7 days
157.240.7.53,SG,2023-03-01 21:48:27.629054,Not Processed due to DUPLICATE in past 7 days
13.33.100.94,SG,2023-03-01 21:48:27.632082,Not Processed due to DUPLICATE in past 7 days
23.75.23.57,SG,2023-03-01 21:48:27.636034,Not Processed due to DUPLICATE in past 7 days
52.114.15.181,SG,2023-03-01 21:48:27.639074,Not Processed due to DUPLICATE in past 7 days
74.125.171.73,SG,2023-03-01 21:48:27.643053,Not Processed due to DUPLICATE in past 7 days
203.116.175.171,SG,2023-03-01 21:48:27.646045,Not Processed due to DUPLICATE in past 7 days
54.192.150.44,SG,2023-03-01 21:48:27.649997,Not Processed due to DUPLICATE in past 7 days
18.136.86.75,SG,2023-03-01 21:48:27.653026,Not Processed due to DUPLICATE in past 7 days
52.84.251.9,SG,2023-03-01 21:48:27.655983,Not Processed due to DUPLICATE in past 7 days
203.116.175.32,SG,2023-03-01 21:48:27.659010,Not Processed due to DUPLICATE in past 7 days
104.69.163.61,SG,2023-03-01 21:48:27.660967,Not Processed due to DUPLICATE in past 7 days
180.87.173.16,SG,2023-03-01 21:48:27.664993,Not Processed due to DUPLICATE in past 7 days
17.248.154.17,SG,2023-03-01 21:48:27.666953,Not Processed due to DUPLICATE in past 7 days
54.192.150.12,SG,2023-03-01 21:48:27.670978,Not Processed due to DUPLICATE in past 7 days
13.33.88.87,SG,2023-03-01 21:48:27.673970,Not Processed due to DUPLICATE in past 7 days
51.79.165.204,SG,2023-03-01 21:48:27.677925,Not Processed due to DUPLICATE in past 7 days
104.69.163.60,SG,2023-03-01 21:48:27.679917,Not Processed due to DUPLICATE in past 7 days
104.69.32.93,SG,2023-03-01 21:48:27.682945,Not Processed due to DUPLICATE in past 7 days
17.248.164.45,SG,2023-03-01 21:48:27.689891,Not Processed due to DUPLICATE in past 7 days
52.77.133.180,SG,2023-03-01 21:48:27.694877,Not Processed due to DUPLICATE in past 7 days
23.220.203.115,SG,2023-03-01 21:48:27.699428,Not Processed due to DUPLICATE in past 7 days
89.187.163.193,SG,2023-03-01 21:48:27.703854,Not Processed due to DUPLICATE in past 7 days
52.220.33.166,SG,2023-03-01 21:48:27.709550,Not Processed due to DUPLICATE in past 7 days
54.251.192.147,SG,2023-03-01 21:48:27.712829,Not Processed due to DUPLICATE in past 7 days
23.54.56.156,SG,2023-03-01 21:48:27.716072,Not Processed due to DUPLICATE in past 7 days
3.1.149.134,SG,2023-03-01 21:48:27.720841,Not Processed due to DUPLICATE in past 7 days
104.83.197.140,SG,2023-03-01 21:48:27.724832,Not Processed due to DUPLICATE in past 7 days
23.73.13.201,SG,2023-03-01 21:48:27.730781,Not Processed due to DUPLICATE in past 7 days
167.71.195.165,SG,2023-03-01 21:48:27.734777,Not Processed due to DUPLICATE in past 7 days
23.59.80.224,SG,2023-03-01 21:48:27.738759,Not Processed due to DUPLICATE in past 7 days
52.74.88.135,SG,2023-03-01 21:48:27.741751,Not Processed due to DUPLICATE in past 7 days
129.227.82.185,SG,2023-03-01 21:48:27.743746,Not Processed due to DUPLICATE in past 7 days
89.187.162.21,SG,2023-03-01 21:48:27.745769,Not Processed due to DUPLICATE in past 7 days
51.79.130.26,SG,2023-03-01 21:48:27.748732,Not Processed due to DUPLICATE in past 7 days
17.248.154.3,SG,2023-03-01 21:48:27.751466,Not Processed due to DUPLICATE in past 7 days
43.132.80.244,SG,2023-03-01 21:48:27.754063,Not Processed due to DUPLICATE in past 7 days
17.248.164.12,SG,2023-03-01 21:48:27.755714,Not Processed due to DUPLICATE in past 7 days
54.192.150.36,SG,2023-03-01 21:48:27.757708,Not Processed due to DUPLICATE in past 7 days
165.21.111.145,SG,2023-03-01 21:48:27.759703,Not Processed due to DUPLICATE in past 7 days
20.190.163.29,SG,2023-03-01 21:48:27.761698,Not Processed due to DUPLICATE in past 7 days
23.5.165.18,SG,2023-03-01 21:48:27.764691,Not Processed due to DUPLICATE in past 7 days
3.1.15.205,SG,2023-03-01 21:48:27.766684,Not Processed due to DUPLICATE in past 7 days
17.248.164.82,SG,2023-03-01 21:48:27.768679,Not Processed due to DUPLICATE in past 7 days
101.33.26.124,SG,2023-03-01 21:48:27.770674,Not Processed due to DUPLICATE in past 7 days
103.151.126.72,SG,2023-03-01 21:48:27.772668,Not Processed due to DUPLICATE in past 7 days
103.231.98.195,SG,2023-03-01 21:48:27.774663,Not Processed due to DUPLICATE in past 7 days
13.33.88.101,SG,2023-03-01 21:48:27.776657,Not Processed due to DUPLICATE in past 7 days
18.142.135.199,SG,2023-03-01 21:48:27.779650,Not Processed due to DUPLICATE in past 7 days
150.109.90.54,SG,2023-03-01 21:48:27.782642,Not Processed due to DUPLICATE in past 7 days
116.87.131.164,SG,2023-03-01 21:48:27.785634,Not Processed due to DUPLICATE in past 7 days
52.98.90.178,SG,2023-03-01 21:48:27.787673,Not Processed due to DUPLICATE in past 7 days
17.248.164.47,SG,2023-03-01 21:48:27.789661,Not Processed due to DUPLICATE in past 7 days
116.14.207.20,SG,2023-03-01 21:48:27.791656,Not Processed due to DUPLICATE in past 7 days
184.27.122.48,SG,2023-03-01 21:48:27.794610,Not Processed due to DUPLICATE in past 7 days
52.84.251.24,SG,2023-03-01 21:48:27.796606,Not Processed due to DUPLICATE in past 7 days
17.253.61.220,SG,2023-03-01 21:48:27.799598,Not Processed due to DUPLICATE in past 7 days
101.33.26.140,SG,2023-03-01 21:48:27.801593,Not Processed due to DUPLICATE in past 7 days
13.227.254.35,SG,2023-03-01 21:48:27.804583,Not Processed due to DUPLICATE in past 7 days
31.13.68.34,SG,2023-03-01 21:48:27.807575,Not Processed due to DUPLICATE in past 7 days
103.1.138.196,SG,2023-03-01 21:48:27.809710,Not Processed due to DUPLICATE in past 7 days
13.35.18.228,SG,2023-03-01 21:48:27.811564,Not Processed due to DUPLICATE in past 7 days
117.121.250.156,SG,2023-03-01 21:48:27.813559,Not Processed due to DUPLICATE in past 7 days
40.99.10.66,SG,2023-03-01 21:48:27.815553,Not Processed due to DUPLICATE in past 7 days
54.192.151.123,SG,2023-03-01 21:48:27.817548,Not Processed due to DUPLICATE in past 7 days
20.212.128.44,SG,2023-03-01 21:48:27.819543,Not Processed due to DUPLICATE in past 7 days
52.220.200.42,SG,2023-03-01 21:48:27.821538,Not Processed due to DUPLICATE in past 7 days
54.192.150.58,SG,2023-03-01 21:48:27.824530,Not Processed due to DUPLICATE in past 7 days
3.0.25.35,SG,2023-03-01 21:48:27.826524,Not Processed due to DUPLICATE in past 7 days
13.33.33.53,SG,2023-03-01 21:48:27.828519,Not Processed due to DUPLICATE in past 7 days
13.33.100.30,SG,2023-03-01 21:48:27.830513,Not Processed due to DUPLICATE in past 7 days
23.39.12.48,SG,2023-03-01 21:48:27.832508,Not Processed due to DUPLICATE in past 7 days
203.117.35.17,SG,2023-03-01 21:48:27.834276,Not Processed due to DUPLICATE in past 7 days
40.119.249.228,SG,2023-03-01 21:48:27.837266,Not Processed due to DUPLICATE in past 7 days
72.247.81.153,SG,2023-03-01 21:48:27.839262,Not Processed due to DUPLICATE in past 7 days
23.5.165.11,SG,2023-03-01 21:48:27.841257,Not Processed due to DUPLICATE in past 7 days
23.205.209.121,SG,2023-03-01 21:48:27.844285,Not Processed due to DUPLICATE in past 7 days
20.212.96.199,SG,2023-03-01 21:48:27.846279,Not Processed due to DUPLICATE in past 7 days
165.21.111.147,SG,2023-03-01 21:48:27.848237,Not Processed due to DUPLICATE in past 7 days
74.125.200.139,SG,2023-03-01 21:48:27.851267,Not Processed due to DUPLICATE in past 7 days
54.169.248.42,SG,2023-03-01 21:48:27.853260,Not Processed due to DUPLICATE in past 7 days
192.166.246.41,SG,2023-03-01 21:48:27.855255,Not Processed due to DUPLICATE in past 7 days
203.116.175.128,SG,2023-03-01 21:48:27.857249,Not Processed due to DUPLICATE in past 7 days
23.50.92.154,SG,2023-03-01 21:48:27.859247,Not Processed due to DUPLICATE in past 7 days
74.125.68.154,SG,2023-03-01 21:48:27.861238,Not Processed due to DUPLICATE in past 7 days
18.140.39.47,SG,2023-03-01 21:48:27.863198,Not Processed due to DUPLICATE in past 7 days
23.36.252.78,SG,2023-03-01 21:48:27.865228,Not Processed due to DUPLICATE in past 7 days
150.109.90.59,SG,2023-03-01 21:48:27.867224,Not Processed due to DUPLICATE in past 7 days
172.224.26.138,SG,2023-03-01 21:48:27.869217,Not Processed due to DUPLICATE in past 7 days
13.33.33.41,SG,2023-03-01 21:48:27.871269,Not Processed due to DUPLICATE in past 7 days
84.17.39.169,SG,2023-03-01 21:48:27.875168,Not Processed due to DUPLICATE in past 7 days
51.79.204.59,SG,2023-03-01 21:48:27.879154,Not Processed due to DUPLICATE in past 7 days
138.199.60.185,SG,2023-03-01 21:48:27.882146,Not Processed due to DUPLICATE in past 7 days
203.116.175.170,SG,2023-03-01 21:48:27.884141,Not Processed due to DUPLICATE in past 7 days
54.192.150.67,SG,2023-03-01 21:48:27.887264,Not Processed due to DUPLICATE in past 7 days
157.240.13.1,SG,2023-03-01 21:48:27.891147,Not Processed due to DUPLICATE in past 7 days
58.182.177.133,SG,2023-03-01 21:48:27.895146,Not Processed due to DUPLICATE in past 7 days
52.221.62.54,SG,2023-03-01 21:48:27.898105,Not Processed due to DUPLICATE in past 7 days
23.205.208.247,SG,2023-03-01 21:48:27.901129,Not Processed due to DUPLICATE in past 7 days
104.70.101.66,SG,2023-03-01 21:48:27.904120,Not Processed due to DUPLICATE in past 7 days
54.192.150.77,SG,2023-03-01 21:48:27.906115,Not Processed due to DUPLICATE in past 7 days
161.117.96.24,SG,2023-03-01 21:48:27.908110,Not Processed due to DUPLICATE in past 7 days
18.138.223.207,SG,2023-03-01 21:48:27.910105,Not Processed due to DUPLICATE in past 7 days
13.251.71.45,SG,2023-03-01 21:48:27.912101,Not Processed due to DUPLICATE in past 7 days
204.246.164.112,SG,2023-03-01 21:48:27.914098,Not Processed due to DUPLICATE in past 7 days
185.200.117.142,SG,2023-03-01 21:48:27.916102,Not Processed due to DUPLICATE in past 7 days
52.98.33.130,SG,2023-03-01 21:48:27.919049,Not Processed due to DUPLICATE in past 7 days
23.5.165.146,SG,2023-03-01 21:48:27.921079,Not Processed due to DUPLICATE in past 7 days
52.84.251.50,SG,2023-03-01 21:48:27.923073,Not Processed due to DUPLICATE in past 7 days
52.74.243.124,SG,2023-03-01 21:48:27.925072,Not Processed due to DUPLICATE in past 7 days
121.7.140.29,SG,2023-03-01 21:48:27.927064,Not Processed due to DUPLICATE in past 7 days
43.132.81.247,SG,2023-03-01 21:48:27.929058,Not Processed due to DUPLICATE in past 7 days
104.69.42.77,SG,2023-03-01 21:48:27.931053,Not Processed due to DUPLICATE in past 7 days
17.248.164.17,SG,2023-03-01 21:48:27.933048,Not Processed due to DUPLICATE in past 7 days
17.248.164.10,SG,2023-03-01 21:48:27.935041,Not Processed due to DUPLICATE in past 7 days
54.192.150.37,SG,2023-03-01 21:48:27.937036,Not Processed due to DUPLICATE in past 7 days
54.151.230.219,SG,2023-03-01 21:48:27.940028,Not Processed due to DUPLICATE in past 7 days
157.240.13.174,SG,2023-03-01 21:48:27.942023,Not Processed due to DUPLICATE in past 7 days
13.33.33.38,SG,2023-03-01 21:48:27.944016,Not Processed due to DUPLICATE in past 7 days
161.117.32.237,SG,2023-03-01 21:48:27.946012,Not Processed due to DUPLICATE in past 7 days
13.33.92.224,SG,2023-03-01 21:48:27.948007,Not Processed due to DUPLICATE in past 7 days
45.40.48.215,SG,2023-03-01 21:48:27.950002,Not Processed due to DUPLICATE in past 7 days
13.227.248.101,SG,2023-03-01 21:48:27.951998,Not Processed due to DUPLICATE in past 7 days
157.240.13.14,SG,2023-03-01 21:48:27.953991,Not Processed due to DUPLICATE in past 7 days
23.47.190.131,SG,2023-03-01 21:48:27.955986,Not Processed due to DUPLICATE in past 7 days
161.117.125.44,SG,2023-03-01 21:48:27.957980,Not Processed due to DUPLICATE in past 7 days
184.87.200.27,SG,2023-03-01 21:48:27.959939,Not Processed due to DUPLICATE in past 7 days
172.217.194.97,SG,2023-03-01 21:48:27.961970,Not Processed due to DUPLICATE in past 7 days
23.5.165.66,SG,2023-03-01 21:48:27.963964,Not Processed due to DUPLICATE in past 7 days
20.44.239.154,SG,2023-03-01 21:48:27.965959,Not Processed due to DUPLICATE in past 7 days
13.67.74.235,SG,2023-03-01 21:48:27.968914,Not Processed due to DUPLICATE in past 7 days
18.140.168.176,SG,2023-03-01 21:48:27.970947,Not Processed due to DUPLICATE in past 7 days
3.1.22.50,SG,2023-03-01 21:48:27.972940,Not Processed due to DUPLICATE in past 7 days
13.33.33.70,SG,2023-03-01 21:48:27.974899,Not Processed due to DUPLICATE in past 7 days
203.205.159.17,SG,2023-03-01 21:48:27.976930,Not Processed due to DUPLICATE in past 7 days
104.89.118.22,SG,2023-03-01 21:48:27.978925,Not Processed due to DUPLICATE in past 7 days
52.76.156.186,SG,2023-03-01 21:48:27.980919,Not Processed due to DUPLICATE in past 7 days
52.77.93.191,SG,2023-03-01 21:48:27.983910,Not Processed due to DUPLICATE in past 7 days
17.253.61.216,SG,2023-03-01 21:48:27.985905,Not Processed due to DUPLICATE in past 7 days
157.240.13.48,SG,2023-03-01 21:48:27.987863,Not Processed due to DUPLICATE in past 7 days
139.99.45.37,SG,2023-03-01 21:48:27.989858,Not Processed due to DUPLICATE in past 7 days
23.52.171.137,SG,2023-03-01 21:48:27.991852,Not Processed due to DUPLICATE in past 7 days
17.248.164.44,SG,2023-03-01 21:48:27.993847,Not Processed due to DUPLICATE in past 7 days
150.109.90.118,SG,2023-03-01 21:48:27.995842,Not Processed due to DUPLICATE in past 7 days
203.116.175.122,SG,2023-03-01 21:48:27.997836,Not Processed due to DUPLICATE in past 7 days
17.253.61.215,SG,2023-03-01 21:48:27.999831,Not Processed due to DUPLICATE in past 7 days
172.217.194.132,SG,2023-03-01 21:48:28.002824,Not Processed due to DUPLICATE in past 7 days
52.111.240.11,SG,2023-03-01 21:48:28.005815,Not Processed due to DUPLICATE in past 7 days
51.79.158.73,SG,2023-03-01 21:48:28.007810,Not Processed due to DUPLICATE in past 7 days
184.50.97.221,SG,2023-03-01 21:48:28.009804,Not Processed due to DUPLICATE in past 7 days
116.0.81.227,SG,2023-03-01 21:48:28.011799,Not Processed due to DUPLICATE in past 7 days
13.251.233.244,SG,2023-03-01 21:48:28.014791,Not Processed due to DUPLICATE in past 7 days
52.84.251.86,SG,2023-03-01 21:48:28.017816,Not Processed due to DUPLICATE in past 7 days
101.32.143.30,SG,2023-03-01 21:48:28.019812,Not Processed due to DUPLICATE in past 7 days
184.87.193.72,SG,2023-03-01 21:48:28.021804,Not Processed due to DUPLICATE in past 7 days
13.33.33.108,SG,2023-03-01 21:48:28.023802,Not Processed due to DUPLICATE in past 7 days
74.125.68.153,SG,2023-03-01 21:48:28.025799,Not Processed due to DUPLICATE in past 7 days
156.246.18.131,SG,2023-03-01 21:48:28.027806,Not Processed due to DUPLICATE in past 7 days
18.141.43.183,SG,2023-03-01 21:48:28.029798,Not Processed due to DUPLICATE in past 7 days
104.69.107.45,SG,2023-03-01 21:48:28.031784,Not Processed due to DUPLICATE in past 7 days
184.31.4.207,SG,2023-03-01 21:48:28.033777,Not Processed due to DUPLICATE in past 7 days
17.248.154.5,SG,2023-03-01 21:48:28.035775,Not Processed due to DUPLICATE in past 7 days
17.248.154.22,SG,2023-03-01 21:48:28.037768,Not Processed due to DUPLICATE in past 7 days
116.87.189.216,SG,2023-03-01 21:48:28.039764,Not Processed due to DUPLICATE in past 7 days
17.248.154.39,SG,2023-03-01 21:48:28.041720,Not Processed due to DUPLICATE in past 7 days
17.248.164.102,SG,2023-03-01 21:48:28.043714,Not Processed due to DUPLICATE in past 7 days
17.253.61.203,SG,2023-03-01 21:48:28.045708,Not Processed due to DUPLICATE in past 7 days
103.231.98.196,SG,2023-03-01 21:48:28.047703,Not Processed due to DUPLICATE in past 7 days
124.155.222.26,SG,2023-03-01 21:48:28.049698,Not Processed due to DUPLICATE in past 7 days
13.33.33.51,SG,2023-03-01 21:48:28.051692,Not Processed due to DUPLICATE in past 7 days
54.192.150.13,SG,2023-03-01 21:48:28.053687,Not Processed due to DUPLICATE in past 7 days
13.33.100.132,SG,2023-03-01 21:48:28.055682,Not Processed due to DUPLICATE in past 7 days
91.108.56.173,SG,2023-03-01 21:48:28.058711,Not Processed due to DUPLICATE in past 7 days
52.76.163.242,SG,2023-03-01 21:48:28.060706,Not Processed due to DUPLICATE in past 7 days
180.87.173.16,SG,2023-03-01 21:48:28.062700,Not Processed due to DUPLICATE in past 7 days
103.155.16.178,SG,2023-03-01 21:48:28.065325,Not Processed due to DUPLICATE in past 7 days
103.207.108.98,SG,2023-03-01 21:48:28.067652,Not Processed due to DUPLICATE in past 7 days
157.240.7.16,SG,2023-03-01 21:48:28.070644,Not Processed due to DUPLICATE in past 7 days
169.150.243.3,SG,2023-03-01 21:48:28.073636,Not Processed due to DUPLICATE in past 7 days
52.139.250.209,SG,2023-03-01 21:48:28.078623,Not Processed due to DUPLICATE in past 7 days
13.227.254.102,SG,2023-03-01 21:48:28.081614,Not Processed due to DUPLICATE in past 7 days
157.240.15.63,SG,2023-03-01 21:48:28.083608,Not Processed due to DUPLICATE in past 7 days
46.51.219.70,SG,2023-03-01 21:48:28.086600,Not Processed due to DUPLICATE in past 7 days
106.10.186.200,SG,2023-03-01 21:48:28.088627,Not Processed due to DUPLICATE in past 7 days
159.138.91.5,SG,2023-03-01 21:48:28.092027,Not Processed due to DUPLICATE in past 7 days
119.74.176.84,SG,2023-03-01 21:48:28.094578,Not Processed due to DUPLICATE in past 7 days
13.33.33.6,SG,2023-03-01 21:48:28.096573,Not Processed due to DUPLICATE in past 7 days
144.126.242.176,SG,2023-03-01 21:48:28.099565,Not Processed due to DUPLICATE in past 7 days
104.69.96.220,SG,2023-03-01 21:48:28.103590,Not Processed due to DUPLICATE in past 7 days
23.195.121.150,SG,2023-03-01 21:48:28.105582,Not Processed due to DUPLICATE in past 7 days
157.240.7.6,SG,2023-03-01 21:48:28.107577,Not Processed due to DUPLICATE in past 7 days
13.215.82.183,SG,2023-03-01 21:48:28.109570,Not Processed due to DUPLICATE in past 7 days
143.244.33.161,SG,2023-03-01 21:48:28.111573,Not Processed due to DUPLICATE in past 7 days
18.136.42.214,SG,2023-03-01 21:48:28.114561,Not Processed due to DUPLICATE in past 7 days
46.137.229.114,SG,2023-03-01 21:48:28.116560,Not Processed due to DUPLICATE in past 7 days
125.56.199.43,SG,2023-03-01 21:48:28.118552,Not Processed due to DUPLICATE in past 7 days
23.210.250.82,SG,2023-03-01 21:48:28.120545,Not Processed due to DUPLICATE in past 7 days
184.31.4.201,SG,2023-03-01 21:48:28.122541,Not Processed due to DUPLICATE in past 7 days
52.221.15.231,SG,2023-03-01 21:48:28.124535,Not Processed due to DUPLICATE in past 7 days
125.56.199.9,SG,2023-03-01 21:48:28.126531,Not Processed due to DUPLICATE in past 7 days
13.33.33.60,SG,2023-03-01 21:48:28.128526,Not Processed due to DUPLICATE in past 7 days
23.47.190.123,SG,2023-03-01 21:48:28.130519,Not Processed due to DUPLICATE in past 7 days
203.116.175.115,SG,2023-03-01 21:48:28.133511,Not Processed due to DUPLICATE in past 7 days
17.248.164.198,SG,2023-03-01 21:48:28.135508,Not Processed due to DUPLICATE in past 7 days
194.233.94.209,SG,2023-03-01 21:48:28.137501,Not Processed due to DUPLICATE in past 7 days
52.98.65.2,SG,2023-03-01 21:48:28.139501,Not Processed due to DUPLICATE in past 7 days
52.84.251.97,SG,2023-03-01 21:48:28.141496,Not Processed due to DUPLICATE in past 7 days
52.84.251.74,SG,2023-03-01 21:48:28.144488,Not Processed due to DUPLICATE in past 7 days
43.132.80.22,SG,2023-03-01 21:48:28.146483,Not Processed due to DUPLICATE in past 7 days
23.15.98.69,SG,2023-03-01 21:48:28.148477,Not Processed due to DUPLICATE in past 7 days
54.255.26.7,SG,2023-03-01 21:48:28.150471,Not Processed due to DUPLICATE in past 7 days
13.33.100.129,SG,2023-03-01 21:48:28.152466,Not Processed due to DUPLICATE in past 7 days
13.33.79.144,SG,2023-03-01 21:48:28.154954,Not Processed due to DUPLICATE in past 7 days
89.187.163.131,SG,2023-03-01 21:48:28.156456,Not Processed due to DUPLICATE in past 7 days
52.84.251.60,SG,2023-03-01 21:48:28.158450,Not Processed due to DUPLICATE in past 7 days
157.240.7.20,SG,2023-03-01 21:48:28.160445,Not Processed due to DUPLICATE in past 7 days
13.33.33.118,SG,2023-03-01 21:48:28.162440,Not Processed due to DUPLICATE in past 7 days
52.77.158.91,SG,2023-03-01 21:48:28.165469,Not Processed due to DUPLICATE in past 7 days
125.252.229.70,SG,2023-03-01 21:48:28.167463,Not Processed due to DUPLICATE in past 7 days
23.36.252.240,SG,2023-03-01 21:48:28.169423,Not Processed due to DUPLICATE in past 7 days
52.84.251.64,SG,2023-03-01 21:48:28.171418,Not Processed due to DUPLICATE in past 7 days
156.59.151.17,SG,2023-03-01 21:48:28.173412,Not Processed due to DUPLICATE in past 7 days
13.33.33.91,SG,2023-03-01 21:48:28.175407,Not Processed due to DUPLICATE in past 7 days
72.247.81.88,SG,2023-03-01 21:48:28.178398,Not Processed due to DUPLICATE in past 7 days
8.218.46.10,SG,2023-03-01 21:48:28.180396,Not Processed due to DUPLICATE in past 7 days
159.138.85.193,SG,2023-03-01 21:48:28.182386,Not Processed due to DUPLICATE in past 7 days
51.79.223.21,SG,2023-03-01 21:48:28.184383,Not Processed due to DUPLICATE in past 7 days
17.248.164.11,SG,2023-03-01 21:48:28.187373,Not Processed due to DUPLICATE in past 7 days
151.192.83.68,SG,2023-03-01 21:48:28.189406,Not Processed due to DUPLICATE in past 7 days
202.156.3.37,SG,2023-03-01 21:48:28.191400,Not Processed due to DUPLICATE in past 7 days
13.33.88.19,SG,2023-03-01 21:48:28.193398,Not Processed due to DUPLICATE in past 7 days
161.117.125.94,SG,2023-03-01 21:48:28.195389,Not Processed due to DUPLICATE in past 7 days
69.173.158.68,SG,2023-03-01 21:48:28.197383,Not Processed due to DUPLICATE in past 7 days
157.240.13.175,SG,2023-03-01 21:48:28.199378,Not Processed due to DUPLICATE in past 7 days
54.192.150.11,SG,2023-03-01 21:48:28.201384,Not Processed due to DUPLICATE in past 7 days
91.108.56.122,SG,2023-03-01 21:48:28.204373,Not Processed due to DUPLICATE in past 7 days
23.200.24.27,SG,2023-03-01 21:48:28.206360,Not Processed due to DUPLICATE in past 7 days
54.251.222.189,SG,2023-03-01 21:48:28.208354,Not Processed due to DUPLICATE in past 7 days
52.98.70.130,SG,2023-03-01 21:48:28.210354,Not Processed due to DUPLICATE in past 7 days
203.116.175.152,SG,2023-03-01 21:48:28.212346,Not Processed due to DUPLICATE in past 7 days
43.156.222.154,SG,2023-03-01 21:48:28.214339,Not Processed due to DUPLICATE in past 7 days
124.155.222.58,SG,2023-03-01 21:48:28.216333,Not Processed due to DUPLICATE in past 7 days
103.252.202.183,SG,2023-03-01 21:48:28.218292,Not Processed due to DUPLICATE in past 7 days
184.31.5.103,SG,2023-03-01 21:48:28.221320,Not Processed due to DUPLICATE in past 7 days
103.136.220.205,SG,2023-03-01 21:48:28.223314,Not Processed due to DUPLICATE in past 7 days
157.240.7.20,SG,2023-03-01 21:48:28.225308,Not Processed due to DUPLICATE in past 7 days
23.205.209.126,SG,2023-03-01 21:48:28.227304,Not Processed due to DUPLICATE in past 7 days
119.13.160.160,SG,2023-03-01 21:48:28.229299,Not Processed due to DUPLICATE in past 7 days
89.187.162.134,SG,2023-03-01 21:48:28.231293,Not Processed due to DUPLICATE in past 7 days
23.205.209.74,SG,2023-03-01 21:48:28.234285,Not Processed due to DUPLICATE in past 7 days
111.223.64.51,SG,2023-03-01 21:48:28.236280,Not Processed due to DUPLICATE in past 7 days
157.240.15.61,SG,2023-03-01 21:48:28.238274,Not Processed due to DUPLICATE in past 7 days
13.35.13.83,SG,2023-03-01 21:48:28.240270,Not Processed due to DUPLICATE in past 7 days
40.99.10.34,SG,2023-03-01 21:48:28.242263,Not Processed due to DUPLICATE in past 7 days
101.33.26.196,SG,2023-03-01 21:48:28.244258,Not Processed due to DUPLICATE in past 7 days
188.42.147.158,SG,2023-03-01 21:48:28.246252,Not Processed due to DUPLICATE in past 7 days
23.52.171.154,SG,2023-03-01 21:48:28.248247,Not Processed due to DUPLICATE in past 7 days
86.48.10.115,SG,2023-03-01 21:48:28.251539,Not Processed due to DUPLICATE in past 7 days
184.28.53.99,SG,2023-03-01 21:48:28.254233,Not Processed due to DUPLICATE in past 7 days
203.116.175.136,SG,2023-03-01 21:48:28.257225,Not Processed due to DUPLICATE in past 7 days
43.132.80.26,SG,2023-03-01 21:48:28.260179,Not Processed due to DUPLICATE in past 7 days
157.240.13.14,SG,2023-03-01 21:48:28.263200,Not Processed due to DUPLICATE in past 7 days
134.238.32.89,SG,2023-03-01 21:48:28.266163,Not Processed due to DUPLICATE in past 7 days
13.35.18.21,SG,2023-03-01 21:48:28.270185,Not Processed due to DUPLICATE in past 7 days
52.84.251.63,SG,2023-03-01 21:48:28.273177,Not Processed due to DUPLICATE in past 7 days
157.240.7.33,SG,2023-03-01 21:48:28.275172,Not Processed due to DUPLICATE in past 7 days
51.79.204.178,SG,2023-03-01 21:48:28.278130,Not Processed due to DUPLICATE in past 7 days
23.44.4.26,SG,2023-03-01 21:48:28.281122,Not Processed due to DUPLICATE in past 7 days
202.65.240.210,SG,2023-03-01 21:48:28.283117,Not Processed due to DUPLICATE in past 7 days
54.192.150.84,SG,2023-03-01 21:48:28.286109,Not Processed due to DUPLICATE in past 7 days
23.59.80.67,SG,2023-03-01 21:48:28.288104,Not Processed due to DUPLICATE in past 7 days
23.200.24.99,SG,2023-03-01 21:48:28.290098,Not Processed due to DUPLICATE in past 7 days
52.84.251.104,SG,2023-03-01 21:48:28.292093,Not Processed due to DUPLICATE in past 7 days
13.33.28.218,SG,2023-03-01 21:48:28.294087,Not Processed due to DUPLICATE in past 7 days
156.146.57.46,SG,2023-03-01 21:48:28.296082,Not Processed due to DUPLICATE in past 7 days
17.248.154.10,SG,2023-03-01 21:48:28.298583,Not Processed due to DUPLICATE in past 7 days
13.33.33.72,SG,2023-03-01 21:48:28.301071,Not Processed due to DUPLICATE in past 7 days
84.247.49.210,SG,2023-03-01 21:48:28.303065,Not Processed due to DUPLICATE in past 7 days
107.155.23.10,SG,2023-03-01 21:48:28.305060,Not Processed due to DUPLICATE in past 7 days
124.155.222.40,SG,2023-03-01 21:48:28.307055,Not Processed due to DUPLICATE in past 7 days
103.28.54.162,SG,2023-03-01 21:48:28.309050,Not Processed due to DUPLICATE in past 7 days
17.248.164.104,SG,2023-03-01 21:48:28.311010,Not Processed due to DUPLICATE in past 7 days
104.65.229.48,SG,2023-03-01 21:48:28.313010,Not Processed due to DUPLICATE in past 7 days
101.33.26.180,SG,2023-03-01 21:48:28.314999,Not Processed due to DUPLICATE in past 7 days
13.33.78.115,SG,2023-03-01 21:48:28.317954,Not Processed due to DUPLICATE in past 7 days
23.54.56.210,SG,2023-03-01 21:48:28.319987,Not Processed due to DUPLICATE in past 7 days
52.74.138.239,SG,2023-03-01 21:48:28.322981,Not Processed due to DUPLICATE in past 7 days
54.192.150.59,SG,2023-03-01 21:48:28.325098,Not Processed due to DUPLICATE in past 7 days
111.223.64.57,SG,2023-03-01 21:48:28.326932,Not Processed due to DUPLICATE in past 7 days
51.79.223.17,SG,2023-03-01 21:48:28.329922,Not Processed due to DUPLICATE in past 7 days
104.28.156.111,SG,2023-03-01 21:48:28.331917,Not Processed due to DUPLICATE in past 7 days
47.241.41.246,SG,2023-03-01 21:48:28.334946,Not Processed due to DUPLICATE in past 7 days
17.253.61.204,SG,2023-03-01 21:48:28.336940,Not Processed due to DUPLICATE in past 7 days
20.157.117.5,SG,2023-03-01 21:48:28.338941,Not Processed due to DUPLICATE in past 7 days
209.85.228.10,SG,2023-03-01 21:48:28.340894,Not Processed due to DUPLICATE in past 7 days
101.33.26.226,SG,2023-03-01 21:48:28.343922,Not Processed due to DUPLICATE in past 7 days
23.61.0.95,SG,2023-03-01 21:48:28.345915,Not Processed due to DUPLICATE in past 7 days
125.252.229.208,SG,2023-03-01 21:48:28.348360,Not Processed due to DUPLICATE in past 7 days
51.79.206.66,SG,2023-03-01 21:48:28.350896,Not Processed due to DUPLICATE in past 7 days
18.136.178.185,SG,2023-03-01 21:48:28.352910,Not Processed due to DUPLICATE in past 7 days
43.132.81.121,SG,2023-03-01 21:48:28.354856,Not Processed due to DUPLICATE in past 7 days
157.240.13.33,SG,2023-03-01 21:48:28.357896,Not Processed due to DUPLICATE in past 7 days
103.6.151.227,SG,2023-03-01 21:48:28.359881,Not Processed due to DUPLICATE in past 7 days
23.54.56.132,SG,2023-03-01 21:48:28.362872,Not Processed due to DUPLICATE in past 7 days
13.33.33.95,SG,2023-03-01 21:48:28.364866,Not Processed due to DUPLICATE in past 7 days
51.79.166.235,SG,2023-03-01 21:48:28.367823,Not Processed due to DUPLICATE in past 7 days
157.240.15.52,SG,2023-03-01 21:48:28.369815,Not Processed due to DUPLICATE in past 7 days
74.125.171.10,SG,2023-03-01 21:48:28.371849,Not Processed due to DUPLICATE in past 7 days
23.49.60.136,SG,2023-03-01 21:48:28.374839,Not Processed due to DUPLICATE in past 7 days
104.103.150.205,SG,2023-03-01 21:48:28.376834,Not Processed due to DUPLICATE in past 7 days
43.156.223.191,SG,2023-03-01 21:48:28.378830,Not Processed due to DUPLICATE in past 7 days
173.194.51.102,SG,2023-03-01 21:48:28.381821,Not Processed due to DUPLICATE in past 7 days
17.248.154.52,SG,2023-03-01 21:48:28.384048,Not Processed due to DUPLICATE in past 7 days
52.74.200.0,SG,2023-03-01 21:48:28.386771,Not Processed due to DUPLICATE in past 7 days
202.165.107.53,SG,2023-03-01 21:48:28.390793,Not Processed due to DUPLICATE in past 7 days
13.251.171.38,SG,2023-03-01 21:48:28.392785,Not Processed due to DUPLICATE in past 7 days
157.240.15.34,SG,2023-03-01 21:48:28.395783,Not Processed due to DUPLICATE in past 7 days
23.58.140.25,SG,2023-03-01 21:48:28.397776,Not Processed due to DUPLICATE in past 7 days
23.54.58.69,SG,2023-03-01 21:48:28.400737,Not Processed due to DUPLICATE in past 7 days
3.1.172.253,SG,2023-03-01 21:48:28.403764,Not Processed due to DUPLICATE in past 7 days
52.98.71.210,SG,2023-03-01 21:48:28.405719,Not Processed due to DUPLICATE in past 7 days
43.132.81.184,SG,2023-03-01 21:48:28.408713,Not Processed due to DUPLICATE in past 7 days
13.229.19.162,SG,2023-03-01 21:48:28.411704,Not Processed due to DUPLICATE in past 7 days
96.17.72.40,SG,2023-03-01 21:48:28.414695,Not Processed due to DUPLICATE in past 7 days
23.5.165.51,SG,2023-03-01 21:48:28.417350,Not Processed due to DUPLICATE in past 7 days
23.200.24.90,SG,2023-03-01 21:48:28.419715,Not Processed due to DUPLICATE in past 7 days
13.33.28.151,SG,2023-03-01 21:48:28.421829,Not Processed due to DUPLICATE in past 7 days
23.50.94.75,SG,2023-03-01 21:48:28.424700,Not Processed due to DUPLICATE in past 7 days
18.140.28.233,SG,2023-03-01 21:48:28.426696,Not Processed due to DUPLICATE in past 7 days
138.113.125.14,SG,2023-03-01 21:48:28.429197,Not Processed due to DUPLICATE in past 7 days
13.214.91.161,SG,2023-03-01 21:48:28.430691,Not Processed due to DUPLICATE in past 7 days
23.44.0.126,SG,2023-03-01 21:48:28.433682,Not Processed due to DUPLICATE in past 7 days
116.86.140.226,SG,2023-03-01 21:48:28.435677,Not Processed due to DUPLICATE in past 7 days
203.116.188.216,SG,2023-03-01 21:48:28.439874,Not Processed due to DUPLICATE in past 7 days
23.212.92.24,SG,2023-03-01 21:48:28.442696,Not Processed due to DUPLICATE in past 7 days
43.152.143.228,SG,2023-03-01 21:48:28.444616,Not Processed due to DUPLICATE in past 7 days
103.155.16.130,SG,2023-03-01 21:48:28.447610,Not Processed due to DUPLICATE in past 7 days
89.187.162.142,SG,2023-03-01 21:48:28.449604,Not Processed due to DUPLICATE in past 7 days
125.56.199.98,SG,2023-03-01 21:48:28.452713,Not Processed due to DUPLICATE in past 7 days
157.240.13.175,SG,2023-03-01 21:48:28.455624,Not Processed due to DUPLICATE in past 7 days
52.123.252.34,SG,2023-03-01 21:48:28.458601,Not Processed due to DUPLICATE in past 7 days
51.79.167.114,SG,2023-03-01 21:48:28.461599,Not Processed due to DUPLICATE in past 7 days
51.79.204.61,SG,2023-03-01 21:48:28.464588,Not Processed due to DUPLICATE in past 7 days
43.132.73.53,SG,2023-03-01 21:48:28.468590,Not Processed due to DUPLICATE in past 7 days
17.248.164.77,SG,2023-03-01 21:48:28.470579,Not Processed due to DUPLICATE in past 7 days
54.192.150.17,SG,2023-03-01 21:48:28.473654,Not Processed due to DUPLICATE in past 7 days
111.223.64.91,SG,2023-03-01 21:48:28.475571,Not Processed due to DUPLICATE in past 7 days
111.223.64.51,SG,2023-03-01 21:48:28.477564,Not Processed due to DUPLICATE in past 7 days
139.99.68.6,SG,2023-03-01 21:48:28.479560,Not Processed due to DUPLICATE in past 7 days
13.33.28.61,SG,2023-03-01 21:48:28.481518,Not Processed due to DUPLICATE in past 7 days
52.114.15.111,SG,2023-03-01 21:48:28.485541,Not Processed due to DUPLICATE in past 7 days
210.10.5.13,SG,2023-03-01 21:48:28.487535,Not Processed due to DUPLICATE in past 7 days
52.220.83.205,SG,2023-03-01 21:48:28.490527,Not Processed due to DUPLICATE in past 7 days
142.251.91.102,SG,2023-03-01 21:48:28.492520,Not Processed due to DUPLICATE in past 7 days
17.253.61.198,SG,2023-03-01 21:48:28.495283,Not Processed due to DUPLICATE in past 7 days
8.212.12.137,SG,2023-03-01 21:48:28.497512,Not Processed due to DUPLICATE in past 7 days
184.87.202.204,SG,2023-03-01 21:48:28.500514,Not Processed due to DUPLICATE in past 7 days
20.43.132.130,SG,2023-03-01 21:48:28.502497,Not Processed due to DUPLICATE in past 7 days
18.136.234.192,SG,2023-03-01 21:48:28.505672,Not Processed due to DUPLICATE in past 7 days
13.33.91.132,SG,2023-03-01 21:48:28.508447,Not Processed due to DUPLICATE in past 7 days
52.84.251.98,SG,2023-03-01 21:48:28.510439,Not Processed due to DUPLICATE in past 7 days
17.248.164.15,SG,2023-03-01 21:48:28.512434,Not Processed due to DUPLICATE in past 7 days
184.26.21.9,SG,2023-03-01 21:48:28.514429,Not Processed due to DUPLICATE in past 7 days
52.84.251.40,SG,2023-03-01 21:48:28.516423,Not Processed due to DUPLICATE in past 7 days
165.21.6.79,SG,2023-03-01 21:48:28.518418,Not Processed due to DUPLICATE in past 7 days
101.33.26.138,SG,2023-03-01 21:48:28.520413,Not Processed due to DUPLICATE in past 7 days
18.140.218.3,SG,2023-03-01 21:48:28.522407,Not Processed due to DUPLICATE in past 7 days
13.33.88.4,SG,2023-03-01 21:48:28.524402,Not Processed due to DUPLICATE in past 7 days
150.109.91.98,SG,2023-03-01 21:48:28.526397,Not Processed due to DUPLICATE in past 7 days
52.84.251.93,SG,2023-03-01 21:48:28.528391,Not Processed due to DUPLICATE in past 7 days
40.99.10.18,SG,2023-03-01 21:48:28.530386,Not Processed due to DUPLICATE in past 7 days
13.227.254.124,SG,2023-03-01 21:48:28.532676,Not Processed due to DUPLICATE in past 7 days
114.119.180.179,SG,2023-03-01 21:48:28.535411,Not Processed due to DUPLICATE in past 7 days
103.115.76.67,SG,2023-03-01 21:48:28.537404,Not Processed due to DUPLICATE in past 7 days
157.240.7.170,SG,2023-03-01 21:48:28.539400,Not Processed due to DUPLICATE in past 7 days
52.84.225.192,SG,2023-03-01 21:48:28.541396,Not Processed due to DUPLICATE in past 7 days
157.240.235.19,SG,2023-03-01 21:48:28.543389,Not Processed due to DUPLICATE in past 7 days
23.47.190.193,SG,2023-03-01 21:48:28.545382,Not Processed due to DUPLICATE in past 7 days
101.32.104.104,SG,2023-03-01 21:48:28.547341,Not Processed due to DUPLICATE in past 7 days
129.227.82.151,SG,2023-03-01 21:48:28.549336,Not Processed due to DUPLICATE in past 7 days
23.50.232.243,SG,2023-03-01 21:48:28.551370,Not Processed due to DUPLICATE in past 7 days
89.187.163.119,SG,2023-03-01 21:48:28.553364,Not Processed due to DUPLICATE in past 7 days
23.45.116.67,SG,2023-03-01 21:48:28.556354,Not Processed due to DUPLICATE in past 7 days
13.33.88.62,SG,2023-03-01 21:48:28.558349,Not Processed due to DUPLICATE in past 7 days
157.240.15.37,SG,2023-03-01 21:48:28.560346,Not Processed due to DUPLICATE in past 7 days
17.248.164.113,SG,2023-03-01 21:48:28.562301,Not Processed due to DUPLICATE in past 7 days
17.253.61.218,SG,2023-03-01 21:48:28.564335,Not Processed due to DUPLICATE in past 7 days
13.228.107.3,SG,2023-03-01 21:48:28.566329,Not Processed due to DUPLICATE in past 7 days
23.59.80.121,SG,2023-03-01 21:48:28.568287,Not Processed due to DUPLICATE in past 7 days
17.253.61.219,SG,2023-03-01 21:48:28.570281,Not Processed due to DUPLICATE in past 7 days
18.141.245.52,SG,2023-03-01 21:48:28.572276,Not Processed due to DUPLICATE in past 7 days
173.194.59.42,SG,2023-03-01 21:48:28.574271,Not Processed due to DUPLICATE in past 7 days
52.119.187.64,SG,2023-03-01 21:48:28.576266,Not Processed due to DUPLICATE in past 7 days
219.74.135.239,SG,2023-03-01 21:48:28.578260,Not Processed due to DUPLICATE in past 7 days
20.198.162.76,SG,2023-03-01 21:48:28.580255,Not Processed due to DUPLICATE in past 7 days
150.109.91.9,SG,2023-03-01 21:48:28.582249,Not Processed due to DUPLICATE in past 7 days
52.220.149.37,SG,2023-03-01 21:48:28.585239,Not Processed due to DUPLICATE in past 7 days
104.69.45.249,SG,2023-03-01 21:48:28.586239,Not Processed due to DUPLICATE in past 7 days
104.70.101.54,SG,2023-03-01 21:48:28.588234,Not Processed due to DUPLICATE in past 7 days
52.163.231.110,SG,2023-03-01 21:48:28.591223,Not Processed due to DUPLICATE in past 7 days
